0 0.503516 0.828516 0.113281 0.082031
0 0.624219 0.831641 0.117188 0.091406
0 0.715625 0.830469 0.068750 0.076563
0 0.469531 0.802734 0.035938 0.042969
0 0.780469 0.826563 0.073438 0.068750
0 0.042188 0.812891 0.084375 0.057031
0 0.791016 0.806250 0.063281 0.056250
0 0.573438 0.806641 0.053125 0.044531
0 0.835156 0.810156 0.039062 0.048438
0 0.969922 0.809375 0.055469 0.037500
0 0.861328 0.810938 0.032031 0.037500
0 0.890625 0.813281 0.034375 0.032813
0 0.675781 0.811719 0.039062 0.045313
0 0.521484 0.785547 0.046094 0.017969
