1 0.097266 0.416016 0.047656 0.032031
1 0.094531 0.441797 0.042188 0.039844
1 0.134766 0.410547 0.038281 0.036719
1 0.230859 0.625391 0.042969 0.038281
1 0.216406 0.593359 0.039062 0.039844
1 0.144531 0.374219 0.042188 0.039062
1 0.262500 0.498828 0.040625 0.035156
1 0.191797 0.589844 0.049219 0.039062
1 0.185547 0.504688 0.036719 0.031250
1 0.252734 0.643750 0.042969 0.037500
1 0.125000 0.462109 0.040625 0.039844
1 0.148828 0.442188 0.038281 0.037500
1 0.282422 0.466797 0.036719 0.036719
1 0.164453 0.551172 0.044531 0.039844
1 0.367188 0.766797 0.034375 0.036719
1 0.305469 0.687109 0.042188 0.039844
1 0.227344 0.517578 0.032813 0.032031
1 0.316797 0.503516 0.049219 0.038281
1 0.319141 0.467969 0.038281 0.035938
1 0.315625 0.739063 0.050000 0.034375
1 0.063672 0.357422 0.039844 0.033594
1 0.105469 0.353516 0.026563 0.032031
1 0.168359 0.521875 0.046094 0.046875
1 0.530469 0.644141 0.032813 0.032031
1 0.308984 0.711328 0.042969 0.032031
1 0.222656 0.561328 0.035938 0.038281
1 0.144531 0.476953 0.032813 0.035156
1 0.207031 0.469141 0.032813 0.035156
1 0.252344 0.562891 0.035938 0.038281
1 0.534766 0.673047 0.044531 0.027344
1 0.258594 0.522266 0.035938 0.035156
1 0.073828 0.378516 0.032031 0.032031
1 0.433984 0.805078 0.042969 0.035156
1 0.282031 0.658203 0.029688 0.032031
1 0.142969 0.239453 0.057813 0.041406
1 0.307422 0.525781 0.036719 0.035938
1 0.253125 0.412109 0.031250 0.033594
1 0.496094 0.598438 0.032813 0.034375
1 0.403125 0.761328 0.040625 0.038281
1 0.284766 0.625781 0.044531 0.042188
1 0.186719 0.444141 0.042188 0.047656
1 0.281641 0.537891 0.032031 0.035156
1 0.161328 0.201172 0.047656 0.027344
1 0.391406 0.523047 0.029688 0.033594
1 0.557422 0.789453 0.036719 0.032031
1 0.496875 0.692188 0.040625 0.031250
1 0.294531 0.770703 0.042188 0.035156
1 0.519531 0.617578 0.029688 0.032031
1 0.199609 0.217969 0.027344 0.032813
1 0.302344 0.565234 0.039062 0.033594
1 0.452344 0.727344 0.035938 0.032813
1 0.079688 0.312500 0.050000 0.040625
1 0.406250 0.612109 0.037500 0.030469
1 0.304297 0.656250 0.036719 0.037500
1 0.215625 0.396875 0.031250 0.034375
1 0.283984 0.441797 0.030469 0.033594
1 0.229297 0.432031 0.039844 0.039062
1 0.453906 0.598047 0.042188 0.030469
1 0.353906 0.726562 0.042188 0.034375
1 0.498047 0.623828 0.039844 0.032031
1 0.064063 0.275391 0.031250 0.028906
1 0.440625 0.633594 0.040625 0.035938
1 0.234766 0.198047 0.038281 0.027344
1 0.367188 0.503906 0.040625 0.039062
1 0.408984 0.726562 0.036719 0.031250
1 0.474219 0.561719 0.032813 0.035938
1 0.560156 0.613672 0.029688 0.036719
1 0.413672 0.673828 0.033594 0.025781
1 0.162500 0.469531 0.031250 0.035938
1 0.502734 0.655078 0.036719 0.028906
1 0.173438 0.393359 0.043750 0.039844
1 0.421875 0.543750 0.028125 0.034375
1 0.417578 0.594531 0.025781 0.032813
1 0.262891 0.600000 0.044531 0.037500
1 0.530859 0.768750 0.030469 0.037500
1 0.444531 0.522266 0.029688 0.035156
1 0.192188 0.546484 0.034375 0.033594
1 0.102734 0.329297 0.039844 0.036719
1 0.255469 0.180078 0.026563 0.032031
1 0.369922 0.597266 0.030469 0.035156
1 0.484766 0.733984 0.038281 0.033594
1 0.430078 0.696484 0.035156 0.033594
1 0.251953 0.448047 0.032031 0.033594
1 0.525391 0.542969 0.025781 0.035938
1 0.416016 0.651953 0.041406 0.035156
1 0.561719 0.712109 0.039062 0.033594
1 0.424609 0.777734 0.039844 0.039844
1 0.462891 0.768359 0.032031 0.039844
1 0.525000 0.795703 0.037500 0.028906
1 0.320312 0.631641 0.034375 0.038281
1 0.369531 0.542578 0.039062 0.035156
1 0.328906 0.552344 0.039062 0.023438
1 0.386719 0.560937 0.032813 0.040625
1 0.452734 0.668750 0.042969 0.025000
1 0.448438 0.615234 0.043750 0.033594
1 0.156641 0.339063 0.050781 0.040625
1 0.232813 0.389844 0.031250 0.035938
1 0.351562 0.628516 0.040625 0.041406
1 0.492578 0.798828 0.038281 0.035156
1 0.189844 0.410156 0.039062 0.039062
1 0.465625 0.700000 0.043750 0.034375
1 0.446484 0.557031 0.027344 0.032813
1 0.524609 0.579688 0.024219 0.031250
1 0.227344 0.212891 0.029688 0.032031
1 0.548047 0.538281 0.021094 0.029688
1 0.201953 0.368750 0.032031 0.040625
1 0.083203 0.276562 0.063281 0.043750
1 0.202734 0.524219 0.036719 0.032813
1 0.381250 0.665625 0.043750 0.034375
1 0.345313 0.688672 0.040625 0.042969
1 0.414062 0.513281 0.037500 0.035938
1 0.297656 0.595313 0.026563 0.037500
1 0.382812 0.710547 0.040625 0.036719
1 0.337500 0.603125 0.034375 0.043750
1 0.218359 0.264844 0.027344 0.042188
1 0.279297 0.328125 0.033594 0.043750
1 0.318359 0.596484 0.030469 0.039844
1 0.537891 0.512891 0.035156 0.028906
1 0.571484 0.660938 0.027344 0.034375
1 0.546484 0.770313 0.027344 0.034375
1 0.306641 0.221484 0.025781 0.036719
1 0.302344 0.307813 0.035938 0.037500
1 0.535938 0.696094 0.031250 0.032813
1 0.549609 0.739844 0.039844 0.029688
1 0.386328 0.685156 0.025781 0.026563
1 0.607813 0.453516 0.043750 0.028906
1 0.330469 0.227344 0.023438 0.032813
1 0.428906 0.485156 0.045313 0.042188
1 0.509766 0.757812 0.028906 0.031250
1 0.501563 0.776172 0.037500 0.036719
1 0.278516 0.206250 0.041406 0.050000
1 0.589063 0.472266 0.028125 0.019531
1 0.462891 0.325000 0.041406 0.040625
1 0.432422 0.292969 0.042969 0.035938
1 0.524219 0.375391 0.023438 0.022656
1 0.548438 0.464453 0.018750 0.022656
1 0.578125 0.365234 0.018750 0.030469
1 0.357031 0.188672 0.032813 0.036719
1 0.383203 0.253125 0.041406 0.034375
1 0.449609 0.257031 0.027344 0.026563
