0 0.540625 0.564844 0.796875 0.698438
0 0.763281 0.211328 0.185938 0.122656
0 0.270703 0.303516 0.207031 0.153906
0 0.941406 0.293750 0.117188 0.143750
0 0.058594 0.306641 0.117188 0.150781
0 0.304688 0.209375 0.159375 0.093750
0 0.143359 0.290625 0.133594 0.137500
0 0.123438 0.212109 0.153125 0.077344
0 0.034375 0.214844 0.068750 0.073438
0 0.982422 0.181641 0.030469 0.075781
0 0.560547 0.188281 0.217969 0.073438
0 0.872656 0.283594 0.145313 0.160938
0 0.881641 0.247656 0.125781 0.092188
0 0.334766 0.182813 0.157031 0.065625
