1 0.412891 0.353516 0.069531 0.075781
1 0.386719 0.400000 0.048438 0.078125
1 0.332031 0.397266 0.045313 0.091406
1 0.315234 0.238672 0.061719 0.092969
1 0.230859 0.275391 0.046094 0.072656
1 0.248047 0.299219 0.039844 0.070312
1 0.427734 0.563672 0.049219 0.099219
1 0.471094 0.568359 0.045313 0.061719
1 0.519531 0.600000 0.042188 0.059375
1 0.576172 0.523438 0.049219 0.100000
1 0.682422 0.539062 0.033594 0.075000
1 0.678516 0.657813 0.057031 0.112500
1 0.608594 0.615234 0.085938 0.083594
1 0.636719 0.416016 0.057813 0.078906
1 0.572656 0.407813 0.057813 0.084375
1 0.534375 0.381641 0.031250 0.100781
1 0.604297 0.692578 0.058594 0.100781
1 0.466016 0.639844 0.063281 0.082813
1 0.514062 0.666406 0.075000 0.048438
1 0.553516 0.187109 0.047656 0.083594
1 0.476562 0.174609 0.046875 0.089844
1 0.508984 0.205078 0.042969 0.088281
1 0.642969 0.132422 0.067187 0.089844
1 0.700391 0.161328 0.050781 0.085156
1 0.719531 0.102344 0.048438 0.064063
1 0.740625 0.157031 0.050000 0.098438
1 0.765625 0.133984 0.031250 0.089844
1 0.802344 0.170703 0.070312 0.075781
1 0.806641 0.234766 0.060156 0.091406
1 0.548047 0.290234 0.058594 0.074219
1 0.490234 0.411719 0.049219 0.082813
1 0.491797 0.371094 0.058594 0.060938
1 0.452344 0.341797 0.042188 0.049219
1 0.161328 0.641797 0.060156 0.089844
1 0.112891 0.590625 0.075781 0.056250
1 0.105469 0.672266 0.064063 0.075781
1 0.030078 0.582031 0.060156 0.067187
1 0.070703 0.741797 0.069531 0.046094
1 0.113281 0.729688 0.067187 0.059375
1 0.243750 0.600781 0.059375 0.085938
1 0.256250 0.537891 0.071875 0.066406
1 0.173438 0.472266 0.037500 0.082031
1 0.201563 0.498438 0.031250 0.078125
1 0.165625 0.549609 0.059375 0.077344
1 0.292969 0.585547 0.051563 0.083594
1 0.771875 0.430469 0.050000 0.085938
1 0.783594 0.491406 0.042188 0.039062
1 0.817188 0.477734 0.056250 0.064844
1 0.852734 0.463672 0.052344 0.080469
1 0.805469 0.558984 0.067187 0.071094
1 0.859766 0.545312 0.069531 0.065625
1 0.925781 0.564844 0.057813 0.064063
1 0.139844 0.494141 0.042188 0.082031
1 0.114844 0.414844 0.064063 0.067187
1 0.120703 0.341016 0.072656 0.072656
1 0.160547 0.300000 0.049219 0.065625
1 0.606250 0.613281 0.056250 0.076563
1 0.696875 0.152344 0.050000 0.082813
1 0.107031 0.733984 0.064063 0.055469
1 0.642578 0.135938 0.050781 0.090625
1 0.481641 0.181250 0.032031 0.100000
1 0.316406 0.247656 0.067187 0.085938
1 0.158984 0.639453 0.055469 0.082031
1 0.486719 0.372656 0.051563 0.067187
1 0.600391 0.695312 0.057031 0.090625
1 0.105078 0.416406 0.066406 0.070312
1 0.678516 0.658984 0.060156 0.092969
1 0.920703 0.563281 0.057031 0.054688
1 0.510547 0.198828 0.027344 0.094531
1 0.520313 0.604688 0.040625 0.059375
1 0.189063 0.483203 0.050000 0.094531
1 0.105469 0.677344 0.064063 0.067187
1 0.389453 0.405078 0.035156 0.078906
1 0.639063 0.412500 0.046875 0.084375
1 0.803516 0.559766 0.063281 0.066406
1 0.244531 0.596094 0.057813 0.064063
1 0.469922 0.638281 0.055469 0.073438
1 0.717578 0.111719 0.035156 0.085938
1 0.468359 0.569141 0.039844 0.044531
1 0.065234 0.738672 0.055469 0.042969
1 0.570312 0.416406 0.043750 0.079688
1 0.289844 0.591406 0.045313 0.067187
1 0.679688 0.541406 0.031250 0.079688
1 0.532813 0.383594 0.037500 0.085938
1 0.855469 0.542578 0.067187 0.063281
1 0.238281 0.285938 0.051563 0.078125
1 0.120703 0.346875 0.066406 0.062500
1 0.549219 0.290234 0.045313 0.067969
1 0.420313 0.578516 0.037500 0.072656
1 0.764844 0.124219 0.029688 0.079688
1 0.853516 0.466797 0.047656 0.077344
1 0.516797 0.288281 0.039844 0.067187
1 0.425781 0.265625 0.039062 0.068750
1 0.107422 0.628125 0.064844 0.068750
1 0.739063 0.280859 0.062500 0.052344
1 0.901563 0.375000 0.053125 0.068750
1 0.913672 0.105078 0.058594 0.072656
1 0.901172 0.444922 0.030469 0.067969
1 0.219922 0.749219 0.055469 0.079688
1 0.954688 0.480078 0.071875 0.060156
1 0.118750 0.449609 0.065625 0.071094
1 0.204297 0.440625 0.058594 0.062500
1 0.383594 0.466406 0.060938 0.057813
1 0.956250 0.372656 0.059375 0.057813
1 0.281641 0.661719 0.122656 0.107813
1 0.640625 0.548828 0.046875 0.088281
1 0.671484 0.211328 0.055469 0.069531
1 0.721875 0.389844 0.040625 0.082813
1 0.223047 0.513672 0.036719 0.080469
1 0.928906 0.439453 0.035938 0.060156
1 0.114063 0.180859 0.059375 0.055469
1 0.034766 0.512109 0.063281 0.061719
1 0.640625 0.367578 0.059375 0.069531
1 0.206641 0.707031 0.053906 0.073438
1 0.693750 0.362891 0.028125 0.085156
1 0.803906 0.343750 0.035938 0.084375
1 0.281250 0.426953 0.046875 0.072656
1 0.522656 0.696484 0.051563 0.064844
1 0.606641 0.844531 0.060156 0.057813
1 0.819922 0.132031 0.064844 0.051563
1 0.837109 0.333594 0.049219 0.067187
1 0.966797 0.433203 0.064844 0.063281
1 0.323438 0.705859 0.056250 0.064844
1 0.182422 0.216797 0.052344 0.105469
1 0.583203 0.860938 0.060156 0.059375
1 0.437500 0.236328 0.037500 0.078906
1 0.736328 0.333984 0.032031 0.071094
1 0.691797 0.051172 0.061719 0.058594
1 0.375391 0.635156 0.044531 0.064063
1 0.116016 0.866406 0.050781 0.067187
1 0.866406 0.396484 0.042188 0.071094
1 0.116797 0.091016 0.074219 0.103906
1 0.267578 0.491797 0.069531 0.089844
1 0.337109 0.180469 0.039844 0.070312
1 0.821094 0.637891 0.067187 0.060156
1 0.043359 0.781641 0.055469 0.060156
1 0.318359 0.642969 0.061719 0.054688
1 0.085156 0.893359 0.054688 0.067969
1 0.233594 0.832422 0.054688 0.074219
1 0.833984 0.063281 0.036719 0.070312
1 0.337891 0.532422 0.053906 0.067969
1 0.189844 0.036328 0.035938 0.072656
1 0.581641 0.220703 0.032031 0.078906
1 0.268359 0.755469 0.036719 0.073438
1 0.202734 0.361719 0.071094 0.089063
1 0.770313 0.759375 0.065625 0.084375
1 0.023828 0.642969 0.044531 0.064063
1 0.318359 0.150781 0.077344 0.079688
1 0.878516 0.289844 0.047656 0.085938
1 0.127734 0.816797 0.067969 0.064844
1 0.238281 0.402734 0.070312 0.046094
1 0.722266 0.855078 0.066406 0.075781
1 0.759375 0.614063 0.056250 0.078125
1 0.671875 0.785547 0.059375 0.064844
1 0.626563 0.203125 0.053125 0.053125
1 0.089844 0.954688 0.051563 0.056250
1 0.083984 0.543750 0.030469 0.068750
1 0.659375 0.876563 0.056250 0.062500
1 0.928906 0.233984 0.057813 0.077344
1 0.625781 0.292578 0.048438 0.072656
1 0.947266 0.534766 0.103906 0.091406
1 0.345703 0.451563 0.035156 0.087500
1 0.907813 0.314063 0.081250 0.090625
1 0.550000 0.227344 0.065625 0.085938
1 0.776953 0.360156 0.060156 0.089063
1 0.280859 0.271875 0.036719 0.068750
1 0.454688 0.737891 0.040625 0.069531
1 0.054688 0.665625 0.046875 0.062500
1 0.157813 0.912500 0.037500 0.078125
1 0.847266 0.248047 0.038281 0.077344
1 0.904297 0.658594 0.058594 0.070312
1 0.317188 0.817969 0.050000 0.079688
1 0.067187 0.844141 0.050000 0.057031
1 0.312891 0.361719 0.047656 0.070312
1 0.385156 0.291016 0.048438 0.047656
1 0.139453 0.061328 0.044531 0.069531
1 0.228516 0.154688 0.044531 0.078125
1 0.059375 0.429688 0.043750 0.068750
1 0.499219 0.331250 0.045313 0.040625
1 0.976562 0.303516 0.046875 0.066406
1 0.783203 0.891797 0.057031 0.092969
1 0.210547 0.094141 0.036719 0.069531
1 0.051953 0.341406 0.047656 0.064063
1 0.202734 0.232031 0.030469 0.070312
1 0.733203 0.935156 0.057031 0.082813
1 0.202734 0.879297 0.074219 0.055469
1 0.264063 0.353516 0.040625 0.063281
1 0.883203 0.708984 0.060156 0.055469
1 0.940234 0.889063 0.042969 0.081250
1 0.573047 0.767969 0.071094 0.070312
1 0.375781 0.167578 0.042188 0.091406
1 0.916406 0.776172 0.048438 0.074219
1 0.974219 0.220313 0.051563 0.087500
1 0.392578 0.594922 0.135156 0.146094
1 0.237891 0.026563 0.032031 0.053125
1 0.039844 0.887109 0.045313 0.071094
1 0.876563 0.251563 0.040625 0.062500
1 0.915625 0.154688 0.059375 0.078125
1 0.275000 0.821484 0.040625 0.080469
1 0.163672 0.181250 0.055469 0.087500
1 0.947656 0.285156 0.045313 0.060938
1 0.762109 0.675000 0.046094 0.040625
1 0.968359 0.785938 0.046094 0.096875
1 0.248828 0.935938 0.041406 0.075000
1 0.605859 0.245313 0.105469 0.146875
1 0.743750 0.060156 0.062500 0.054688
1 0.923047 0.074609 0.055469 0.064844
1 0.902344 0.899609 0.051563 0.089844
1 0.793750 0.793750 0.031250 0.065625
1 0.284766 0.930469 0.060156 0.092188
1 0.441797 0.914062 0.061719 0.050000
1 0.983594 0.371094 0.032813 0.082813
1 0.326172 0.049219 0.058594 0.079688
1 0.627344 0.923828 0.067187 0.057031
1 0.165625 0.773438 0.056250 0.050000
1 0.204688 0.825781 0.043750 0.060938
1 0.196875 0.946484 0.040625 0.074219
1 0.351172 0.956250 0.049219 0.075000
1 0.854297 0.778516 0.077344 0.085156
1 0.242578 0.075391 0.038281 0.063281
1 0.870313 0.039062 0.034375 0.071875
1 0.649609 0.340234 0.055469 0.046094
1 0.037500 0.957813 0.043750 0.078125
1 0.066797 0.127344 0.058594 0.073438
1 0.898047 0.958984 0.046094 0.055469
1 0.366797 0.424219 0.139844 0.145313
1 0.830469 0.982031 0.067187 0.035938
1 0.884766 0.058203 0.032031 0.066406
1 0.076172 0.021875 0.046094 0.040625
1 0.041016 0.209375 0.028906 0.075000
1 0.439453 0.169531 0.035156 0.089063
1 0.143750 0.976562 0.037500 0.046875
1 0.797656 0.710938 0.054688 0.087500
1 0.816016 0.482031 0.128906 0.098438
1 0.778516 0.094531 0.041406 0.054688
1 0.272656 0.015625 0.045313 0.028125
1 0.275781 0.104297 0.167188 0.199219
1 0.900391 0.065625 0.100781 0.121875
1 0.828125 0.685547 0.196875 0.146094
1 0.691016 0.897266 0.141406 0.197656
1 0.092188 0.100000 0.168750 0.187500
1 0.587891 0.846484 0.178906 0.292969
1 0.396875 0.837891 0.196875 0.310156
1 0.841016 0.825000 0.294531 0.337500
