0 0.198438 0.775000 0.396875 0.381250
0 0.671094 0.637500 0.657813 0.300000
0 0.654688 0.298047 0.140625 0.146094
0 0.140234 0.075781 0.105469 0.089063
0 0.829688 0.075391 0.087500 0.072656
0 0.574219 0.069922 0.082813 0.077344
0 0.850781 0.502344 0.298438 0.179688
0 0.932813 0.079688 0.078125 0.068750
0 0.362500 0.062891 0.078125 0.072656
0 0.073438 0.030859 0.068750 0.061719
0 0.029688 0.060547 0.059375 0.061719
0 0.339453 0.133594 0.066406 0.054688
0 0.292578 0.064453 0.069531 0.063281
0 0.702344 0.064063 0.070312 0.065625
0 0.783984 0.054297 0.046094 0.055469
0 0.749219 0.080469 0.035938 0.045313
0 0.744922 0.039844 0.039844 0.045313
0 0.658594 0.126562 0.067187 0.059375
0 0.463281 0.062109 0.082813 0.102344
0 0.229688 0.051172 0.046875 0.049219
0 0.226953 0.026172 0.047656 0.042969
0 0.284766 0.021875 0.053906 0.040625
0 0.407422 0.046094 0.042969 0.060938
0 0.525781 0.027344 0.045313 0.051563
0 0.626172 0.058594 0.049219 0.054688
0 0.603906 0.020313 0.051563 0.040625
0 0.716016 0.016797 0.041406 0.033594
0 0.978906 0.030859 0.042188 0.042969
0 0.907031 0.035156 0.057813 0.054688
0 0.858984 0.042578 0.052344 0.050781
