1 0.859766 0.956250 0.119531 0.065625
1 0.655859 0.900000 0.205469 0.187500
1 0.812500 0.325391 0.053125 0.028906
1 0.940625 0.309375 0.050000 0.028125
1 0.787500 0.142578 0.053125 0.032031
1 0.899609 0.149219 0.021094 0.026563
1 0.451172 0.946875 0.039844 0.062500
1 0.683594 0.875000 0.039062 0.034375
1 0.302734 0.899219 0.067969 0.045313
1 0.493750 0.972656 0.071875 0.054688
1 0.568359 0.730078 0.052344 0.041406
1 0.583203 0.975781 0.041406 0.048438
1 0.491016 0.915234 0.028906 0.021094
1 0.436719 0.749219 0.070312 0.042188
1 0.760156 0.326563 0.032813 0.021875
1 0.222266 0.212109 0.028906 0.030469
1 0.680859 0.533203 0.077344 0.041406
1 0.739453 0.351562 0.047656 0.031250
1 0.630859 0.927344 0.036719 0.026563
1 0.573438 0.924219 0.037500 0.029688
1 0.705859 0.446875 0.033594 0.028125
1 0.612891 0.713281 0.025781 0.023438
1 0.282813 0.911719 0.034375 0.026563
1 0.544922 0.080078 0.055469 0.032031
1 0.410156 0.923438 0.029688 0.031250
1 0.746484 0.161328 0.039844 0.028906
1 0.725000 0.298047 0.046875 0.021094
1 0.545312 0.691016 0.050000 0.022656
1 0.401563 0.899219 0.025000 0.026563
1 0.362891 0.844141 0.044531 0.066406
1 0.047266 0.945312 0.085156 0.096875
1 0.642969 0.571484 0.045313 0.039844
1 0.491406 0.078125 0.029688 0.025000
1 0.033203 0.878906 0.050781 0.057813
1 0.021094 0.936719 0.035938 0.032813
1 0.207422 0.947266 0.052344 0.035156
1 0.059375 0.818750 0.062500 0.053125
1 0.163672 0.403906 0.033594 0.035938
1 0.592578 0.101172 0.047656 0.027344
1 0.543359 0.066406 0.027344 0.020313
1 0.351562 0.790625 0.040625 0.040625
1 0.521875 0.912500 0.037500 0.025000
1 0.194141 0.983594 0.053906 0.032813
1 0.232422 0.169922 0.024219 0.027344
1 0.458594 0.068750 0.035938 0.028125
1 0.502344 0.626563 0.035938 0.031250
1 0.577344 0.575781 0.032813 0.032813
1 0.539062 0.584766 0.025000 0.032031
1 0.678906 0.233594 0.064063 0.057813
1 0.655859 0.523438 0.042969 0.028125
1 0.197266 0.423828 0.032031 0.032031
1 0.630469 0.540625 0.054688 0.025000
1 0.379297 0.767969 0.033594 0.045313
1 0.532813 0.941406 0.034375 0.029688
1 0.733984 0.111719 0.021094 0.014063
1 0.337109 0.406641 0.102344 0.078906
1 0.716406 0.283984 0.045313 0.017969
1 0.223828 0.906641 0.035156 0.044531
1 0.596484 0.562109 0.027344 0.036719
1 0.467969 0.705469 0.039062 0.026563
1 0.483984 0.569922 0.046094 0.033594
1 0.164062 0.962500 0.043750 0.034375
1 0.086719 0.676953 0.032813 0.028906
1 0.854297 0.264844 0.008594 0.004688
1 0.064453 0.919531 0.038281 0.035938
1 0.514062 0.610547 0.034375 0.027344
1 0.285156 0.121094 0.051563 0.035938
1 0.103125 0.762500 0.037500 0.050000
1 0.526563 0.714844 0.043750 0.026563
1 0.193750 0.475391 0.050000 0.025781
1 0.270313 0.833203 0.050000 0.041406
1 0.404688 0.733203 0.028125 0.028906
1 0.483203 0.645313 0.032031 0.034375
1 0.343750 0.545312 0.046875 0.025000
1 0.462109 0.636328 0.033594 0.032031
1 0.990234 0.255078 0.014844 0.032031
1 0.400781 0.683594 0.032813 0.029688
1 0.199609 0.885156 0.036719 0.035938
1 0.228125 0.560937 0.050000 0.037500
1 0.182422 0.510938 0.030469 0.034375
1 0.405078 0.647266 0.047656 0.028906
1 0.557813 0.285938 0.028125 0.028125
1 0.391406 0.232813 0.039062 0.031250
1 0.645703 0.462891 0.038281 0.028906
1 0.396094 0.254688 0.032813 0.031250
1 0.433594 0.321094 0.051563 0.054688
1 0.571484 0.469141 0.042969 0.028906
1 0.469531 0.295703 0.076563 0.066406
