1 0.245313 0.733203 0.025000 0.019531
1 0.594922 0.732422 0.027344 0.014844
1 0.591406 0.757422 0.060938 0.042969
1 0.595703 0.731641 0.022656 0.013281
1 0.243750 0.734375 0.021875 0.015625
1 0.417969 0.716406 0.020313 0.014063
1 0.400000 0.742578 0.021875 0.016406
1 0.548047 0.752734 0.017969 0.014844
1 0.591406 0.753516 0.017188 0.013281
1 0.345703 0.732422 0.016406 0.017969
1 0.357422 0.741797 0.021094 0.011719
1 0.496094 0.758594 0.020313 0.014063
1 0.303125 0.718750 0.028125 0.018750
1 0.277734 0.737500 0.024219 0.015625
1 0.479688 0.757812 0.018750 0.015625
1 0.573047 0.769531 0.014844 0.014063
1 0.545312 0.764063 0.021875 0.012500
1 0.324219 0.736719 0.023438 0.017188
1 0.364844 0.760938 0.017188 0.015625
1 0.541406 0.870313 0.014063 0.015625
1 0.623438 0.790625 0.018750 0.015625
1 0.262500 0.760547 0.015625 0.017969
1 0.301953 0.744922 0.022656 0.014844
1 0.507031 0.910156 0.017188 0.014063
1 0.207422 0.899219 0.017969 0.017188
1 0.421484 0.768359 0.017969 0.014844
1 0.461719 0.881250 0.014063 0.015625
1 0.232813 0.901172 0.021875 0.014844
1 0.500391 0.874609 0.019531 0.014844
1 0.192578 0.801953 0.025781 0.016406
1 0.326563 0.753906 0.021875 0.017188
1 0.449219 0.945312 0.020313 0.012500
1 0.191797 0.840625 0.021094 0.015625
1 0.277734 0.755469 0.021094 0.017188
1 0.207031 0.711328 0.020313 0.016406
1 0.369531 0.789453 0.017188 0.013281
1 0.378906 0.773438 0.017188 0.018750
1 0.513281 0.933984 0.023438 0.011719
1 0.528906 0.835156 0.017188 0.014063
1 0.246875 0.879688 0.018750 0.018750
1 0.414844 0.779297 0.017188 0.017969
1 0.537891 0.909375 0.019531 0.012500
1 0.356641 0.793750 0.013281 0.015625
1 0.262500 0.781641 0.018750 0.016406
1 0.453125 0.782031 0.015625 0.010938
1 0.543750 0.789062 0.015625 0.015625
1 0.317578 0.717969 0.032031 0.017188
1 0.307031 0.783594 0.017188 0.014063
1 0.493359 0.808594 0.021094 0.010938
1 0.399609 0.906250 0.017969 0.015625
1 0.410938 0.925391 0.018750 0.013281
1 0.558984 0.836719 0.021094 0.014063
1 0.548047 0.932422 0.024219 0.011719
1 0.384766 0.814844 0.019531 0.010938
1 0.286719 0.971484 0.026563 0.014844
1 0.288672 0.771094 0.021094 0.014063
1 0.383203 0.785156 0.016406 0.017188
1 0.500391 0.843750 0.016406 0.015625
1 0.344922 0.771484 0.021094 0.014844
1 0.200000 0.723828 0.021875 0.016406
1 0.302344 0.761328 0.020313 0.019531
1 0.531250 0.804297 0.021875 0.011719
1 0.497656 0.825391 0.020313 0.010156
1 0.575391 0.878906 0.016406 0.014063
1 0.467188 0.798047 0.018750 0.017969
1 0.411328 0.804688 0.019531 0.012500
1 0.443359 0.887109 0.014844 0.017969
1 0.603906 0.819141 0.020313 0.013281
1 0.616406 0.808594 0.017188 0.014063
1 0.542188 0.892188 0.012500 0.015625
1 0.324219 0.942188 0.026563 0.012500
1 0.483203 0.830469 0.019531 0.017188
1 0.433984 0.801563 0.021094 0.012500
1 0.565234 0.892188 0.014844 0.015625
1 0.506641 0.881641 0.013281 0.013281
1 0.575391 0.861719 0.028906 0.017188
1 0.592187 0.855078 0.018750 0.013281
1 0.584766 0.886328 0.016406 0.013281
1 0.215625 0.865625 0.021875 0.015625
1 0.348438 0.921094 0.018750 0.014063
1 0.592578 0.894141 0.016406 0.013281
1 0.461719 0.858594 0.020313 0.010938
1 0.540625 0.817969 0.065625 0.039062
1 0.556641 0.823828 0.019531 0.010156
1 0.300000 0.922656 0.021875 0.020313
1 0.228125 0.962500 0.025000 0.021875
1 0.274609 0.746094 0.024219 0.020313
1 0.430078 0.832813 0.016406 0.015625
1 0.611328 0.909766 0.019531 0.016406
1 0.378516 0.820703 0.019531 0.016406
1 0.317969 0.801172 0.017188 0.017969
1 0.397266 0.885547 0.022656 0.014844
1 0.340625 0.886719 0.018750 0.014063
1 0.422266 0.882422 0.022656 0.011719
1 0.328516 0.901172 0.019531 0.014844
1 0.505078 0.817969 0.019531 0.014063
1 0.430078 0.896875 0.022656 0.012500
1 0.375391 0.885547 0.019531 0.014844
1 0.266016 0.913281 0.019531 0.020313
1 0.362109 0.883984 0.014844 0.017969
1 0.514844 0.785156 0.023438 0.020313
1 0.456250 0.793750 0.021875 0.018750
1 0.255078 0.866016 0.016406 0.016406
1 0.298828 0.909766 0.022656 0.013281
1 0.449219 0.872266 0.014063 0.013281
1 0.316406 0.858594 0.017188 0.010938
1 0.424609 0.858984 0.014844 0.017969
1 0.374219 0.928516 0.023438 0.013281
1 0.327734 0.914844 0.024219 0.010938
1 0.385938 0.860156 0.015625 0.017188
1 0.297266 0.893750 0.022656 0.015625
1 0.228125 0.807422 0.025000 0.017969
1 0.437500 0.902344 0.021875 0.010938
1 0.325391 0.770313 0.022656 0.018750
1 0.307813 0.873047 0.018750 0.011719
1 0.344141 0.866016 0.022656 0.016406
1 0.265625 0.811719 0.018750 0.020313
1 0.407422 0.864844 0.014844 0.020313
1 0.224219 0.851172 0.026563 0.017969
1 0.239063 0.982813 0.025000 0.015625
1 0.461328 0.774609 0.025781 0.021094
1 0.320703 0.834766 0.022656 0.013281
1 0.486328 0.856641 0.016406 0.019531
1 0.701953 0.967578 0.041406 0.016406
1 0.323438 0.819531 0.021875 0.014063
1 0.307031 0.857422 0.023438 0.014844
1 0.410547 0.890234 0.017969 0.017969
1 0.635156 0.963281 0.020313 0.010938
1 0.301172 0.839063 0.017969 0.018750
1 0.395313 0.956641 0.025000 0.010156
1 0.857813 0.969922 0.031250 0.017969
1 0.683594 0.940234 0.029688 0.011719
1 0.617188 0.921875 0.021875 0.009375
1 0.482422 0.797656 0.017969 0.020313
1 0.735938 0.972266 0.025000 0.013281
1 0.360547 0.856641 0.017969 0.025781
1 0.375000 0.894531 0.025000 0.023438
1 0.464844 0.842969 0.020313 0.017188
1 0.218359 0.982813 0.036719 0.015625
1 0.346484 0.961328 0.033594 0.013281
1 0.324219 0.926563 0.020313 0.015625
1 0.436719 0.866797 0.023438 0.021094
1 0.373438 0.831641 0.025000 0.022656
1 0.221094 0.923828 0.023438 0.019531
1 0.276172 0.853516 0.030469 0.025781
1 0.403125 0.829297 0.021875 0.017969
1 0.411719 0.840234 0.023438 0.021094
1 0.558594 0.811328 0.020313 0.013281
1 0.563672 0.796875 0.024219 0.012500
1 0.638281 0.828125 0.020313 0.012500
1 0.618750 0.891406 0.018750 0.010938
1 0.618359 0.878906 0.021094 0.017188
1 0.641797 0.879297 0.017969 0.014844
1 0.656641 0.883594 0.019531 0.017188
1 0.276172 0.795703 0.030469 0.025781
1 0.571094 0.788281 0.048438 0.045313
1 0.830859 0.973828 0.033594 0.016406
1 0.446094 0.980859 0.035938 0.014844
1 0.584766 0.834766 0.041406 0.028906
1 0.344922 0.818359 0.046094 0.042969
1 0.161719 0.729297 0.023438 0.017969
1 0.164844 0.905469 0.017188 0.017188
1 0.669141 0.984766 0.082031 0.028906
1 0.176172 0.819531 0.030469 0.026563
1 0.578125 0.931641 0.015625 0.010156
1 0.531641 0.932422 0.072656 0.017969
1 0.167969 0.878516 0.023438 0.028906
1 0.695703 0.904688 0.028906 0.018750
